probmap_61.h5 304 763 30 75
probmap_21.h5 351 555 29 68
probmap_61.h5 910 973 39 57
probmap_0.h5 29 861 31 74
probmap_41.h5 534 1216 45 60
probmap_0.h5 909 800 25 73
probmap_81.h5 23 948 31 59
probmap_99.h5 1503 709 22 67
probmap_21.h5 1049 540 28 68
probmap_81.h5 40 966 31 59
probmap_21.h5 900 870 40 77
probmap_0.h5 350 541 25 74
probmap_61.h5 44 949 35 68
probmap_81.h5 308 494 36 73
probmap_21.h5 655 288 27 71
probmap_41.h5 369 558 39 78
probmap_81.h5 382 355 45 69
probmap_99.h5 326 679 39 61
probmap_0.h5 652 277 25 73
probmap_21.h5 670 313 26 73
probmap_61.h5 1216 892 35 67
probmap_41.h5 37 931 31 76
probmap_99.h5 1003 509 46 70
probmap_21.h5 164 721 37 79
probmap_99.h5 1229 851 29 78
probmap_41.h5 546 1330 46 76
probmap_61.h5 224 291 38 54
probmap_61.h5 982 291 32 74
probmap_41.h5 899 284 27 76
probmap_0.h5 429 1379 34 80
probmap_81.h5 317 804 31 74
probmap_61.h5 136 631 42 68
probmap_61.h5 657 285 27 70
probmap_0.h5 339 665 25 73
probmap_21.h5 893 321 32 77
probmap_99.h5 988 302 31 67
probmap_21.h5 552 1195 38 56
probmap_0.h5 906 803 31 70
probmap_0.h5 1200 804 34 73
probmap_41.h5 899 283 27 76
probmap_99.h5 1441 546 28 75
probmap_61.h5 1504 708 23 77
probmap_41.h5 1448 786 31 77
probmap_21.h5 336 565 29 70
probmap_99.h5 920 985 29 75
probmap_61.h5 141 678 38 70
probmap_81.h5 1037 418 32 62
probmap_0.h5 890 351 28 80
probmap_61.h5 922 885 33 63
probmap_41.h5 899 948 31 76
probmap_41.h5 666 306 34 63
probmap_81.h5 1225 866 35 81
probmap_21.h5 795 343 33 82
probmap_99.h5 1246 246 33 74
probmap_41.h5 296 735 34 71
probmap_0.h5 630 1264 31 58
probmap_61.h5 1019 397 28 78
probmap_99.h5 241 303 28 74
probmap_81.h5 989 328 30 76
probmap_41.h5 913 116 27 72
probmap_99.h5 993 376 23 71
probmap_81.h5 30 560 27 70
probmap_81.h5 52 451 24 83
probmap_21.h5 299 691 41 77
probmap_21.h5 135 1099 34 63
probmap_41.h5 797 409 39 78
probmap_61.h5 903 270 32 65
probmap_21.h5 560 1285 36 71
probmap_61.h5 249 324 28 70
probmap_0.h5 340 565 25 73
probmap_61.h5 34 940 31 64
probmap_41.h5 982 205 27 72
probmap_41.h5 157 709 33 68
probmap_61.h5 833 640 41 77
probmap_61.h5 369 406 30 78
probmap_41.h5 1036 347 28 67
probmap_81.h5 3 562 26 58
probmap_21.h5 680 633 33 72
probmap_21.h5 1218 937 41 77
probmap_99.h5 1085 731 51 58
probmap_0.h5 1451 807 31 63
probmap_99.h5 636 286 33 74
probmap_0.h5 317 655 25 73
probmap_81.h5 908 229 31 75
